49.200000 -6.000000
49.800000 -6.000000
49.200000 -5.400000
49.800000 -5.400000
49.200000 -4.800000
49.800000 -4.800000
49.200000 -4.200000
49.800000 -4.200000
49.200000 -3.600000
49.800000 -3.600000
50.400000 -3.600000
49.200000 -3.000000
49.800000 -3.000000
49.200000 -2.400000
49.800000 -2.400000
49.200000 -1.800000
49.800000 -1.800000
50.400000 -1.800000
49.200000 -1.200000
49.800000 -1.200000
49.200000 -0.600000
49.800000 -0.600000
49.200000 -0.000000
49.800000 -0.000000
0.600000 0.600000
1.200000 0.600000
4.200000 0.600000
8.400000 0.600000
9.000000 0.600000
9.600000 0.600000
10.200000 0.600000
10.800000 0.600000
11.400000 0.600000
12.000000 0.600000
12.600000 0.600000
13.200000 0.600000
14.400000 0.600000
15.000000 0.600000
48.600000 0.600000
49.200000 0.600000
49.800000 0.600000
0.600000 1.200000
1.200000 1.200000
1.800000 1.200000
2.400000 1.200000
3.000000 1.200000
3.600000 1.200000
4.200000 1.200000
4.800000 1.200000
5.400000 1.200000
6.000000 1.200000
6.600000 1.200000
7.200000 1.200000
7.800000 1.200000
8.400000 1.200000
9.000000 1.200000
9.600000 1.200000
10.200000 1.200000
10.800000 1.200000
11.400000 1.200000
12.000000 1.200000
12.600000 1.200000
13.200000 1.200000
13.800000 1.200000
14.400000 1.200000
15.000000 1.200000
15.600000 1.200000
16.200000 1.200000
16.800000 1.200000
17.400000 1.200000
18.000000 1.200000
18.600000 1.200000
19.200000 1.200000
19.800000 1.200000
20.400000 1.200000
21.000000 1.200000
21.600000 1.200000
22.200000 1.200000
22.800000 1.200000
23.400000 1.200000
24.000000 1.200000
24.600000 1.200000
25.200000 1.200000
25.800000 1.200000
26.400000 1.200000
27.000000 1.200000
27.600000 1.200000
28.200000 1.200000
28.800000 1.200000
29.400000 1.200000
30.000000 1.200000
30.600000 1.200000
31.200000 1.200000
31.800000 1.200000
32.400000 1.200000
33.000000 1.200000
33.600000 1.200000
34.200000 1.200000
34.800000 1.200000
35.400000 1.200000
36.000000 1.200000
36.600000 1.200000
37.200000 1.200000
37.800000 1.200000
38.400000 1.200000
39.000000 1.200000
39.600000 1.200000
40.200000 1.200000
40.800000 1.200000
41.400000 1.200000
42.000000 1.200000
42.600000 1.200000
43.200000 1.200000
43.800000 1.200000
44.400000 1.200000
45.000000 1.200000
45.600000 1.200000
46.200000 1.200000
46.800000 1.200000
47.400000 1.200000
48.000000 1.200000
48.600000 1.200000
49.200000 1.200000
49.800000 1.200000
0.600000 1.800000
1.200000 1.800000
1.800000 1.800000
2.400000 1.800000
3.000000 1.800000
3.600000 1.800000
4.200000 1.800000
4.800000 1.800000
5.400000 1.800000
6.000000 1.800000
6.600000 1.800000
7.200000 1.800000
7.800000 1.800000
8.400000 1.800000
9.000000 1.800000
9.600000 1.800000
10.200000 1.800000
10.800000 1.800000
11.400000 1.800000
12.000000 1.800000
12.600000 1.800000
13.200000 1.800000
13.800000 1.800000
14.400000 1.800000
15.000000 1.800000
15.600000 1.800000
16.200000 1.800000
16.800000 1.800000
17.400000 1.800000
18.000000 1.800000
18.600000 1.800000
19.200000 1.800000
19.800000 1.800000
20.400000 1.800000
21.000000 1.800000
21.600000 1.800000
22.200000 1.800000
22.800000 1.800000
23.400000 1.800000
24.000000 1.800000
24.600000 1.800000
25.200000 1.800000
25.800000 1.800000
26.400000 1.800000
27.000000 1.800000
27.600000 1.800000
28.200000 1.800000
28.800000 1.800000
29.400000 1.800000
30.000000 1.800000
30.600000 1.800000
31.200000 1.800000
31.800000 1.800000
32.400000 1.800000
33.000000 1.800000
33.600000 1.800000
34.200000 1.800000
34.800000 1.800000
35.400000 1.800000
36.000000 1.800000
36.600000 1.800000
37.200000 1.800000
37.800000 1.800000
38.400000 1.800000
39.000000 1.800000
39.600000 1.800000
40.200000 1.800000
40.800000 1.800000
41.400000 1.800000
42.000000 1.800000
42.600000 1.800000
43.200000 1.800000
43.800000 1.800000
44.400000 1.800000
45.000000 1.800000
45.600000 1.800000
46.200000 1.800000
46.800000 1.800000
47.400000 1.800000
48.000000 1.800000
48.600000 1.800000
49.200000 1.800000
49.800000 1.800000
50.400000 1.800000
0.600000 2.400000
1.200000 2.400000
1.800000 2.400000
2.400000 2.400000
3.000000 2.400000
3.600000 2.400000
4.200000 2.400000
4.800000 2.400000
5.400000 2.400000
6.000000 2.400000
6.600000 2.400000
7.200000 2.400000
7.800000 2.400000
8.400000 2.400000
9.000000 2.400000
9.600000 2.400000
10.200000 2.400000
10.800000 2.400000
11.400000 2.400000
12.000000 2.400000
12.600000 2.400000
13.200000 2.400000
13.800000 2.400000
14.400000 2.400000
15.000000 2.400000
15.600000 2.400000
16.200000 2.400000
39.600000 2.400000
40.200000 2.400000
40.800000 2.400000
41.400000 2.400000
42.000000 2.400000
42.600000 2.400000
43.200000 2.400000
43.800000 2.400000
44.400000 2.400000
45.000000 2.400000
45.600000 2.400000
46.200000 2.400000
46.800000 2.400000
47.400000 2.400000
48.000000 2.400000
48.600000 2.400000
49.200000 2.400000
49.800000 2.400000
0.600000 3.000000
1.200000 3.000000
1.800000 3.000000
2.400000 3.000000
3.000000 3.000000
3.600000 3.000000
4.200000 3.000000
4.800000 3.000000
5.400000 3.000000
6.000000 3.000000
6.600000 3.000000
7.200000 3.000000
7.800000 3.000000
8.400000 3.000000
9.000000 3.000000
9.600000 3.000000
10.200000 3.000000
10.800000 3.000000
11.400000 3.000000
12.000000 3.000000
12.600000 3.000000
13.200000 3.000000
13.800000 3.000000
14.400000 3.000000
15.000000 3.000000
15.600000 3.000000
16.200000 3.000000
39.600000 3.000000
40.200000 3.000000
40.800000 3.000000
41.400000 3.000000
42.000000 3.000000
42.600000 3.000000
43.200000 3.000000
43.800000 3.000000
44.400000 3.000000
45.000000 3.000000
45.600000 3.000000
46.200000 3.000000
46.800000 3.000000
47.400000 3.000000
48.000000 3.000000
48.600000 3.000000
49.200000 3.000000
49.800000 3.000000
0.600000 3.600000
1.200000 3.600000
1.800000 3.600000
2.400000 3.600000
3.000000 3.600000
3.600000 3.600000
4.200000 3.600000
4.800000 3.600000
5.400000 3.600000
6.000000 3.600000
6.600000 3.600000
7.200000 3.600000
7.800000 3.600000
8.400000 3.600000
9.000000 3.600000
9.600000 3.600000
10.200000 3.600000
10.800000 3.600000
11.400000 3.600000
12.000000 3.600000
12.600000 3.600000
13.200000 3.600000
13.800000 3.600000
14.400000 3.600000
15.000000 3.600000
15.600000 3.600000
16.200000 3.600000
49.200000 3.600000
49.800000 3.600000
50.400000 3.600000
0.600000 4.200000
1.200000 4.200000
1.800000 4.200000
2.400000 4.200000
3.000000 4.200000
3.600000 4.200000
4.200000 4.200000
4.800000 4.200000
5.400000 4.200000
6.000000 4.200000
6.600000 4.200000
7.200000 4.200000
7.800000 4.200000
8.400000 4.200000
9.000000 4.200000
9.600000 4.200000
10.200000 4.200000
10.800000 4.200000
11.400000 4.200000
12.000000 4.200000
12.600000 4.200000
13.200000 4.200000
13.800000 4.200000
14.400000 4.200000
15.000000 4.200000
15.600000 4.200000
16.200000 4.200000
49.200000 4.200000
49.800000 4.200000
0.600000 4.800000
1.200000 4.800000
1.800000 4.800000
3.000000 4.800000
6.600000 4.800000
11.400000 4.800000
14.400000 4.800000
49.200000 4.800000
49.800000 4.800000
50.400000 4.800000
0.600000 5.400000
1.200000 5.400000
49.200000 5.400000
49.800000 5.400000
50.400000 5.400000
0.600000 6.000000
1.200000 6.000000
49.200000 6.000000
49.800000 6.000000
50.400000 6.000000
0.600000 6.600000
1.200000 6.600000
49.200000 6.600000
49.800000 6.600000
0.600000 7.200000
1.200000 7.200000
49.200000 7.200000
49.800000 7.200000
0.600000 7.800000
1.200000 7.800000
49.200000 7.800000
49.800000 7.800000
50.400000 7.800000
0.600000 8.400000
1.200000 8.400000
1.800000 8.400000
49.200000 8.400000
49.800000 8.400000
50.400000 8.400000
0.600000 9.000000
1.200000 9.000000
49.200000 9.000000
49.800000 9.000000
50.400000 9.000000
0.600000 9.600000
1.200000 9.600000
49.200000 9.600000
49.800000 9.600000
0.600000 10.200000
1.200000 10.200000
49.200000 10.200000
49.800000 10.200000
0.600000 10.800000
1.200000 10.800000
49.200000 10.800000
49.800000 10.800000
50.400000 10.800000
0.600000 11.400000
1.200000 11.400000
49.200000 11.400000
49.800000 11.400000
0.600000 12.000000
1.200000 12.000000
49.200000 12.000000
49.800000 12.000000
50.400000 12.000000
0.600000 12.600000
1.200000 12.600000
49.200000 12.600000
49.800000 12.600000
0.600000 13.200000
1.200000 13.200000
49.200000 13.200000
49.800000 13.200000
50.400000 13.200000
0.600000 13.800000
1.200000 13.800000
49.200000 13.800000
49.800000 13.800000
50.400000 13.800000
0.600000 14.400000
1.200000 14.400000
49.200000 14.400000
49.800000 14.400000
50.400000 14.400000
0.600000 15.000000
1.200000 15.000000
49.200000 15.000000
49.800000 15.000000
50.400000 15.000000
0.600000 15.600000
1.200000 15.600000
1.800000 15.600000
49.200000 15.600000
49.800000 15.600000
50.400000 15.600000
0.600000 16.200000
1.200000 16.200000
49.200000 16.200000
49.800000 16.200000
50.400000 16.200000
0.600000 16.800000
1.200000 16.800000
49.200000 16.800000
49.800000 16.800000
50.400000 16.800000
0.600000 17.400000
1.200000 17.400000
49.200000 17.400000
49.800000 17.400000
50.400000 17.400000
0.600000 18.000000
1.200000 18.000000
49.200000 18.000000
49.800000 18.000000
50.400000 18.000000
0.600000 18.600000
1.200000 18.600000
49.200000 18.600000
49.800000 18.600000
50.400000 18.600000
0.600000 19.200000
1.200000 19.200000
49.200000 19.200000
49.800000 19.200000
50.400000 19.200000
0.600000 19.800000
1.200000 19.800000
49.200000 19.800000
49.800000 19.800000
0.600000 20.400000
1.200000 20.400000
49.200000 20.400000
49.800000 20.400000
50.400000 20.400000
0.600000 21.000000
1.200000 21.000000
49.200000 21.000000
49.800000 21.000000
50.400000 21.000000
0.600000 21.600000
1.200000 21.600000
49.200000 21.600000
49.800000 21.600000
50.400000 21.600000
0.600000 22.200000
1.200000 22.200000
49.200000 22.200000
49.800000 22.200000
50.400000 22.200000
0.600000 22.800000
1.200000 22.800000
49.200000 22.800000
49.800000 22.800000
0.600000 23.400000
1.200000 23.400000
49.200000 23.400000
49.800000 23.400000
50.400000 23.400000
0.600000 24.000000
1.200000 24.000000
49.200000 24.000000
49.800000 24.000000
50.400000 24.000000
49.200000 24.600000
49.800000 24.600000
50.400000 24.600000
49.200000 25.200000
49.800000 25.200000
50.400000 25.200000
49.200000 25.800000
49.800000 25.800000
50.400000 25.800000
49.200000 26.400000
49.800000 26.400000
50.400000 26.400000
49.200000 27.000000
49.800000 27.000000
50.400000 27.000000
49.200000 27.600000
49.800000 27.600000
50.400000 27.600000
49.200000 28.200000
49.800000 28.200000
50.400000 28.200000
49.200000 28.800000
49.800000 28.800000
50.400000 28.800000
49.200000 29.400000
49.800000 29.400000
50.400000 29.400000
49.200000 30.000000
49.800000 30.000000
50.400000 30.000000
49.200000 30.600000
49.800000 30.600000
50.400000 30.600000
49.200000 31.200000
49.800000 31.200000
50.400000 31.200000
49.200000 31.800000
49.800000 31.800000
50.400000 31.800000
49.200000 32.400000
49.800000 32.400000
50.400000 32.400000
49.200000 33.000000
49.800000 33.000000
50.400000 33.000000
49.200000 33.600000
49.800000 33.600000
50.400000 33.600000
49.200000 34.200000
49.800000 34.200000
50.400000 34.200000
49.200000 34.800000
49.800000 34.800000
50.400000 34.800000
49.200000 35.400000
49.800000 35.400000
50.400000 35.400000
49.200000 36.000000
49.800000 36.000000
50.400000 36.000000
49.200000 36.600000
49.800000 36.600000
50.400000 36.600000
49.200000 37.200000
49.800000 37.200000
50.400000 37.200000
49.200000 37.800000
49.800000 37.800000
50.400000 37.800000
49.200000 38.400000
49.800000 38.400000
50.400000 38.400000
49.200000 39.000000
49.800000 39.000000
50.400000 39.000000
49.200000 39.600000
49.800000 39.600000
50.400000 39.600000
49.200000 40.200000
49.800000 40.200000
50.400000 40.200000
49.200000 40.800000
49.800000 40.800000
50.400000 40.800000
49.200000 41.400000
49.800000 41.400000
50.400000 41.400000
49.200000 42.000000
49.800000 42.000000
50.400000 42.000000
49.200000 42.600000
49.800000 42.600000
50.400000 42.600000
49.200000 43.200000
49.800000 43.200000
50.400000 43.200000
49.200000 43.800000
49.800000 43.800000
50.400000 43.800000
49.200000 44.400000
49.800000 44.400000
50.400000 44.400000
49.200000 45.000000
49.800000 45.000000
50.400000 45.000000
49.200000 45.600000
49.800000 45.600000
50.400000 45.600000
49.200000 46.200000
49.800000 46.200000
50.400000 46.200000
49.200000 46.800000
49.800000 46.800000
50.400000 46.800000
49.200000 47.400000
49.800000 47.400000
50.400000 47.400000
49.200000 48.000000
49.800000 48.000000
50.400000 48.000000
49.200000 48.600000
49.800000 48.600000
50.400000 48.600000
49.200000 49.200000
49.800000 49.200000
50.400000 49.200000
49.200000 49.800000
49.800000 49.800000
50.400000 49.800000
49.200000 50.400000
49.800000 50.400000
50.400000 50.400000
49.200000 51.000000
49.800000 51.000000
50.400000 51.000000
49.200000 51.600000
49.800000 51.600000
50.400000 51.600000
49.200000 52.200000
49.800000 52.200000
50.400000 52.200000
49.200000 52.800000
49.800000 52.800000
50.400000 52.800000
49.200000 53.400000
49.800000 53.400000
50.400000 53.400000
49.200000 54.000000
49.800000 54.000000
50.400000 54.000000
49.200000 54.600000
49.800000 54.600000
50.400000 54.600000
49.200000 55.200000
49.800000 55.200000
50.400000 55.200000
49.200000 55.800000
49.800000 55.800000
50.400000 55.800000
49.200000 56.400000
49.800000 56.400000
50.400000 56.400000
49.200000 57.000000
49.800000 57.000000
50.400000 57.000000
49.200000 57.600000
49.800000 57.600000
50.400000 57.600000
49.200000 58.200000
49.800000 58.200000
50.400000 58.200000
49.200000 58.800000
49.800000 58.800000
50.400000 58.800000
49.200000 59.400000
49.800000 59.400000
50.400000 59.400000
49.200000 60.000000
49.800000 60.000000
50.400000 60.000000
49.200000 60.600000
49.800000 60.600000
50.400000 60.600000
49.200000 61.200000
49.800000 61.200000
50.400000 61.200000
49.200000 61.800000
49.800000 61.800000
50.400000 61.800000
49.200000 62.400000
49.800000 62.400000
50.400000 62.400000
49.200000 63.000000
49.800000 63.000000
50.400000 63.000000
49.200000 63.600000
49.800000 63.600000
50.400000 63.600000
49.200000 64.200000
49.800000 64.200000
50.400000 64.200000
49.200000 64.800000
49.800000 64.800000
50.400000 64.800000
49.200000 65.400000
49.800000 65.400000
50.400000 65.400000
49.200000 66.000000
49.800000 66.000000
50.400000 66.000000
49.200000 66.600000
49.800000 66.600000
50.400000 66.600000
49.200000 67.200000
49.800000 67.200000
50.400000 67.200000
49.200000 67.800000
49.800000 67.800000
50.400000 67.800000
49.200000 68.400000
49.800000 68.400000
50.400000 68.400000
49.200000 69.000000
49.800000 69.000000
50.400000 69.000000
49.200000 69.600000
49.800000 69.600000
50.400000 69.600000
49.200000 70.200000
49.800000 70.200000
50.400000 70.200000
49.200000 70.800000
49.800000 70.800000
50.400000 70.800000
49.200000 71.400000
49.800000 71.400000
50.400000 71.400000
49.200000 72.000000
49.800000 72.000000
50.400000 72.000000
49.200000 72.600000
49.800000 72.600000
50.400000 72.600000
49.200000 73.200000
49.800000 73.200000
50.400000 73.200000
49.200000 73.800000
49.800000 73.800000
50.400000 73.800000
