3.000000 3.000000
0.700000 1.500000
0.700000 2.200000
0.700000 2.900000
0.700000 3.600000
0.700000 4.300000
0.700000 5.000000
0.700000 5.700000
0.700000 6.400000
0.700000 7.100000
0.700000 7.800000
0.700000 8.500000
0.700000 9.200000
0.700000 9.900000
0.700000 10.600000
0.700000 11.300000
0.700000 12.000000
0.700000 12.700000
0.700000 13.400000
0.700000 14.100000
0.700000 14.800000
0.700000 15.500000
0.700000 16.200000
0.700000 16.900000
0.700000 17.600000
0.700000 18.300000
0.700000 19.000000
0.700000 19.700000
0.700000 20.400000
0.700000 21.100000
0.700000 21.800000
0.700000 22.500000
0.700000 23.200000
1.400000 15.500000
1.400000 8.500000
1.400000 4.300000
1.400000 3.600000
1.400000 2.900000
1.400000 2.200000
1.400000 1.500000
2.100000 1.500000
2.100000 2.200000
2.100000 2.900000
2.100000 3.600000
2.100000 4.300000
2.800000 4.300000
2.800000 3.600000
2.800000 2.900000
2.800000 2.200000
2.800000 1.500000
3.500000 1.500000
3.500000 2.200000
3.500000 2.900000
3.500000 3.600000
3.500000 4.300000
4.200000 4.300000
4.200000 3.600000
4.200000 2.900000
4.200000 2.200000
4.200000 1.500000
4.900000 1.500000
4.900000 2.200000
4.900000 2.900000
4.900000 3.600000
4.900000 4.300000
5.600000 4.300000
5.600000 3.600000
5.600000 2.900000
5.600000 2.200000
5.600000 1.500000
6.300000 1.500000
6.300000 2.200000
6.300000 2.900000
6.300000 3.600000
6.300000 4.300000
7.000000 4.300000
7.000000 3.600000
7.000000 2.900000
7.000000 2.200000
7.000000 1.500000
7.700000 1.500000
7.700000 2.200000
7.700000 2.900000
7.700000 3.600000
8.400000 3.600000
8.400000 2.900000
8.400000 2.200000
8.400000 1.500000
9.100000 1.500000
9.100000 2.200000
9.100000 2.900000
9.100000 3.600000
9.800000 3.600000
9.800000 2.900000
9.800000 2.200000
9.800000 1.500000
10.500000 1.500000
10.500000 2.200000
10.500000 2.900000
10.500000 3.600000
11.200000 4.300000
11.200000 3.600000
11.200000 2.900000
11.200000 1.500000
11.900000 1.500000
11.900000 2.200000
11.900000 2.900000
11.900000 3.600000
12.600000 3.600000
12.600000 2.900000
12.600000 2.200000
12.600000 1.500000
13.300000 1.500000
13.300000 2.200000
13.300000 2.900000
13.300000 3.600000
14.000000 3.600000
14.000000 2.900000
14.000000 2.200000
14.000000 1.500000
14.700000 1.500000
14.700000 2.200000
14.700000 2.900000
14.700000 3.600000
15.400000 3.600000
15.400000 2.900000
15.400000 2.200000
15.400000 1.500000
16.100000 1.500000
16.100000 2.200000
16.100000 2.900000
16.100000 3.600000
16.800000 3.600000
16.800000 2.900000
16.800000 2.200000
16.800000 1.500000
17.500000 1.500000
17.500000 2.200000
17.500000 2.900000
17.500000 3.600000
17.500000 4.300000
18.200000 7.100000
18.200000 6.400000
18.200000 5.700000
18.200000 5.000000
18.200000 4.300000
18.200000 3.600000
18.200000 2.900000
18.200000 2.200000
18.200000 1.500000
18.900000 2.200000
18.900000 2.900000
18.900000 3.600000
18.900000 4.300000
18.900000 5.000000
18.900000 5.700000
18.900000 6.400000
18.900000 7.100000
19.600000 7.100000
19.600000 6.400000
19.600000 5.700000
19.600000 5.000000
19.600000 4.300000
19.600000 3.600000
19.600000 2.900000
19.600000 2.200000
20.300000 2.200000
20.300000 2.900000
20.300000 3.600000
20.300000 4.300000
20.300000 5.000000
20.300000 5.700000
20.300000 6.400000
20.300000 7.100000
21.000000 7.100000
21.000000 6.400000
21.000000 5.700000
21.000000 5.000000
21.000000 4.300000
21.000000 3.600000
21.000000 2.900000
21.000000 2.200000
21.000000 1.500000
21.700000 1.500000
21.700000 2.200000
21.700000 2.900000
21.700000 3.600000
21.700000 4.300000
21.700000 5.000000
21.700000 5.700000
21.700000 6.400000
21.700000 7.100000
22.400000 7.100000
22.400000 6.400000
22.400000 5.700000
22.400000 5.000000
22.400000 4.300000
22.400000 3.600000
22.400000 2.900000
22.400000 2.200000
22.400000 1.500000
23.100000 1.500000
23.100000 2.200000
23.100000 2.900000
23.100000 3.600000
23.100000 4.300000
23.100000 5.000000
23.100000 5.700000
23.100000 6.400000
23.100000 7.100000
23.800000 7.100000
23.800000 6.400000
23.800000 5.700000
23.800000 5.000000
23.800000 4.300000
23.800000 3.600000
23.800000 2.900000
23.800000 2.200000
24.500000 2.200000
24.500000 2.900000
24.500000 3.600000
24.500000 4.300000
24.500000 5.000000
24.500000 5.700000
24.500000 6.400000
24.500000 7.100000
25.200000 7.100000
25.200000 6.400000
25.200000 5.700000
25.200000 5.000000
25.200000 4.300000
25.200000 3.600000
25.200000 2.900000
25.200000 2.200000
25.200000 1.500000
25.900000 1.500000
25.900000 2.200000
25.900000 2.900000
25.900000 3.600000
25.900000 4.300000
25.900000 5.000000
25.900000 5.700000
25.900000 6.400000
25.900000 7.100000
26.600000 7.100000
26.600000 6.400000
26.600000 5.700000
26.600000 5.000000
26.600000 4.300000
26.600000 3.600000
26.600000 2.900000
26.600000 2.200000
26.600000 1.500000
27.300000 1.500000
27.300000 2.200000
27.300000 2.900000
27.300000 3.600000
27.300000 4.300000
27.300000 5.000000
27.300000 5.700000
27.300000 6.400000
28.000000 7.100000
28.000000 6.400000
28.000000 5.700000
28.000000 5.000000
28.000000 4.300000
28.000000 3.600000
28.000000 2.900000
28.000000 2.200000
28.000000 1.500000
28.700000 1.500000
28.700000 2.200000
28.700000 2.900000
28.700000 3.600000
28.700000 4.300000
28.700000 5.000000
28.700000 5.700000
28.700000 6.400000
28.700000 7.100000
29.400000 7.100000
29.400000 6.400000
29.400000 5.700000
29.400000 5.000000
29.400000 4.300000
29.400000 3.600000
29.400000 2.900000
29.400000 2.200000
29.400000 1.500000
30.100000 1.500000
30.100000 2.200000
30.100000 2.900000
30.100000 3.600000
30.100000 4.300000
30.100000 5.000000
30.100000 5.700000
30.100000 6.400000
30.100000 7.100000
30.800000 7.100000
30.800000 6.400000
30.800000 5.700000
30.800000 5.000000
30.800000 4.300000
30.800000 3.600000
30.800000 2.900000
30.800000 2.200000
30.800000 1.500000
31.500000 1.500000
31.500000 2.200000
31.500000 2.900000
31.500000 3.600000
31.500000 4.300000
31.500000 5.000000
31.500000 5.700000
31.500000 6.400000
31.500000 7.100000
32.200000 7.100000
32.200000 6.400000
32.200000 5.700000
32.200000 5.000000
32.200000 4.300000
32.200000 3.600000
32.200000 2.900000
32.200000 2.200000
32.200000 1.500000
32.900000 1.500000
32.900000 2.200000
32.900000 2.900000
32.900000 3.600000
32.900000 4.300000
32.900000 5.000000
32.900000 5.700000
32.900000 6.400000
32.900000 7.100000
33.600000 7.100000
33.600000 6.400000
33.600000 5.700000
33.600000 5.000000
33.600000 4.300000
33.600000 3.600000
33.600000 2.900000
33.600000 2.200000
33.600000 1.500000
34.300000 1.500000
34.300000 2.200000
34.300000 2.900000
34.300000 3.600000
34.300000 4.300000
34.300000 5.000000
34.300000 5.700000
34.300000 6.400000
34.300000 7.100000
35.000000 7.100000
35.000000 6.400000
35.000000 5.700000
35.000000 5.000000
35.000000 4.300000
35.000000 3.600000
35.000000 2.900000
35.000000 2.200000
35.000000 1.500000
35.700000 1.500000
35.700000 2.200000
35.700000 2.900000
35.700000 3.600000
35.700000 4.300000
35.700000 5.000000
35.700000 5.700000
35.700000 6.400000
35.700000 7.100000
36.400000 7.100000
36.400000 6.400000
36.400000 5.700000
36.400000 5.000000
36.400000 4.300000
36.400000 3.600000
36.400000 2.900000
36.400000 2.200000
36.400000 1.500000
37.100000 1.500000
37.100000 2.200000
37.100000 2.900000
37.100000 3.600000
37.100000 4.300000
37.100000 5.000000
37.100000 5.700000
37.100000 6.400000
37.100000 7.100000
37.800000 7.100000
37.800000 6.400000
37.800000 5.700000
37.800000 5.000000
37.800000 4.300000
37.800000 3.600000
37.800000 2.900000
37.800000 2.200000
37.800000 1.500000
38.500000 1.500000
38.500000 2.200000
38.500000 2.900000
39.200000 2.900000
39.200000 2.200000
39.200000 1.500000
39.900000 1.500000
39.900000 2.200000
39.900000 2.900000
40.600000 2.900000
40.600000 2.200000
40.600000 1.500000
41.300000 1.500000
41.300000 2.200000
41.300000 2.900000
42.000000 2.900000
42.000000 2.200000
42.000000 1.500000
42.700000 1.500000
42.700000 2.200000
42.700000 2.900000
43.400000 2.900000
43.400000 2.200000
43.400000 1.500000
44.100000 1.500000
44.100000 2.200000
44.100000 2.900000
44.800000 2.900000
44.800000 2.200000
44.800000 1.500000
45.500000 1.500000
45.500000 2.200000
45.500000 2.900000
46.200000 2.900000
46.200000 2.200000
46.200000 1.500000
46.900000 1.500000
46.900000 2.200000
46.900000 2.900000
47.600000 2.900000
47.600000 2.200000
47.600000 1.500000
48.300000 1.500000
48.300000 2.200000
48.300000 2.900000
49.000000 2.900000
49.000000 2.200000
49.000000 1.500000
49.000000 0.800000
49.700000 -2.000000
49.700000 -1.300000
49.700000 -0.600000
49.700000 0.100000
49.700000 0.800000
49.700000 1.500000
49.700000 2.200000
49.700000 2.900000
49.700000 3.600000
49.700000 4.300000
49.700000 5.000000
49.700000 5.700000
49.700000 6.400000
49.700000 7.100000
49.700000 7.800000
49.700000 8.500000
49.700000 9.200000
49.700000 9.900000
49.700000 10.600000
49.700000 11.300000
49.700000 12.000000
49.700000 12.700000
49.700000 13.400000
49.700000 14.100000
49.700000 14.800000
49.700000 15.500000
49.700000 16.900000
49.700000 17.600000
49.700000 18.300000
49.700000 19.000000
49.700000 19.700000
49.700000 21.800000
49.700000 22.500000
49.700000 23.200000
49.700000 23.900000
49.700000 24.600000
49.700000 25.300000
49.700000 26.000000
49.700000 26.700000
49.700000 27.400000
49.700000 28.100000
49.700000 28.800000
49.700000 29.500000
49.700000 30.200000
49.700000 30.900000
49.700000 31.600000
49.700000 32.300000
49.700000 33.000000
49.700000 33.700000
49.700000 34.400000
49.700000 35.100000
49.700000 35.800000
49.700000 36.500000
49.700000 37.200000
49.700000 37.900000
49.700000 38.600000
49.700000 39.300000
49.700000 40.000000
49.700000 40.700000
49.700000 41.400000
49.700000 42.100000
49.700000 43.500000
49.700000 46.300000
49.700000 47.000000
49.700000 47.700000
49.700000 48.400000
49.700000 49.100000
49.700000 49.800000
49.700000 50.500000
49.700000 51.200000
49.700000 51.900000
49.700000 52.600000
49.700000 53.300000
49.700000 54.000000
49.700000 54.700000
49.700000 55.400000
49.700000 56.100000
49.700000 56.800000
49.700000 57.500000
49.700000 58.200000
49.700000 58.900000
49.700000 59.600000
49.700000 60.300000
49.700000 61.000000
49.700000 61.700000
49.700000 62.400000
49.700000 63.100000
49.700000 63.800000
49.700000 64.500000
49.700000 65.200000
49.700000 65.900000
49.700000 66.600000
49.700000 67.300000
49.700000 68.000000
49.700000 68.700000
49.700000 69.400000
49.700000 70.100000
49.700000 70.800000
49.700000 71.500000
49.700000 72.200000
49.700000 72.900000
49.700000 73.600000
49.700000 74.300000
