1.000000 2.000000 326.000000 330.000000
2.000000 2.000000 346.000000 330.000000
2.000000 4.000000 346.000000 370.000000
1.000000 22.000000 326.000000 730.000000
1.000000 4.000000 326.000000 370.000000
3.000000 4.000000 366.000000 370.000000
3.000000 2.000000 366.000000 330.000000
18.000000 2.000000 666.000000 330.000000
18.000000 8.000000 666.000000 450.000000
19.000000 8.000000 686.000000 450.000000
19.000000 2.000000 686.000000 330.000000
20.000000 2.000000 706.000000 330.000000
20.000000 8.000000 706.000000 450.000000
21.000000 8.000000 726.000000 450.000000
21.000000 2.000000 726.000000 330.000000
22.000000 2.000000 746.000000 330.000000
22.000000 6.000000 746.000000 410.000000
23.000000 6.000000 766.000000 410.000000
23.000000 2.000000 766.000000 330.000000
24.000000 2.000000 786.000000 330.000000
24.000000 6.000000 786.000000 410.000000
25.000000 6.000000 806.000000 410.000000
25.000000 2.000000 806.000000 330.000000
26.000000 2.000000 826.000000 330.000000
26.000000 6.000000 826.000000 410.000000
27.000000 6.000000 846.000000 410.000000
27.000000 2.000000 846.000000 330.000000
28.000000 2.000000 866.000000 330.000000
28.000000 6.000000 866.000000 410.000000
29.000000 6.000000 886.000000 410.000000
29.000000 2.000000 886.000000 330.000000
30.000000 2.000000 906.000000 330.000000
30.000000 6.000000 906.000000 410.000000
31.000000 6.000000 926.000000 410.000000
31.000000 2.000000 926.000000 330.000000
32.000000 2.000000 946.000000 330.000000
32.000000 6.000000 946.000000 410.000000
33.000000 6.000000 966.000000 410.000000
33.000000 2.000000 966.000000 330.000000
34.000000 2.000000 986.000000 330.000000
34.000000 6.000000 986.000000 410.000000
35.000000 6.000000 1006.000000 410.000000
35.000000 2.000000 1006.000000 330.000000
36.000000 2.000000 1026.000000 330.000000
36.000000 6.000000 1026.000000 410.000000
37.000000 6.000000 1046.000000 410.000000
37.000000 2.000000 1046.000000 330.000000
49.500000 7.000000 1296.000000 430.000000
49.500000 -5.000000 1296.000000 190.000000
48.500000 1.000000 1276.000000 310.000000
50.500000 1.000000 1316.000000 310.000000
50.500000 73.000000 1316.000000 1750.000000
49.500000 73.000000 1296.000000 1750.000000
49.500000 5.000000 1296.000000 390.000000
48.000000 2.000000 1266.000000 330.000000
38.000000 2.000000 1066.000000 330.000000
38.000000 6.000000 1066.000000 410.000000
36.000000 4.000000 1026.000000 370.000000
22.000000 8.000000 746.000000 450.000000
20.000000 4.000000 706.000000 370.000000
17.000000 4.000000 646.000000 370.000000
17.000000 2.000000 646.000000 330.000000
16.000000 2.000000 626.000000 330.000000
16.000000 4.000000 626.000000 370.000000
15.000000 4.000000 606.000000 370.000000
15.000000 2.000000 606.000000 330.000000
14.000000 2.000000 586.000000 330.000000
14.000000 4.000000 586.000000 370.000000
13.000000 4.000000 566.000000 370.000000
13.000000 2.000000 566.000000 330.000000
12.000000 2.000000 546.000000 330.000000
12.000000 4.000000 546.000000 370.000000
11.000000 4.000000 526.000000 370.000000
11.000000 2.000000 526.000000 330.000000
10.000000 2.000000 506.000000 330.000000
10.000000 4.000000 506.000000 370.000000
9.000000 4.000000 486.000000 370.000000
9.000000 2.000000 486.000000 330.000000
8.000000 2.000000 466.000000 330.000000
8.000000 4.000000 466.000000 370.000000
7.000000 4.000000 446.000000 370.000000
7.000000 2.000000 446.000000 330.000000
6.000000 2.000000 426.000000 330.000000
6.000000 4.000000 426.000000 370.000000
5.000000 4.000000 406.000000 370.000000
5.000000 2.000000 406.000000 330.000000
4.000000 2.000000 386.000000 330.000000
4.000000 4.000000 386.000000 370.000000
1.000000 2.000000 326.000000 330.000000
