22.534229	73.640201
28.933123	73.521179
29.732984	73.506301
30.532846	73.491424
31.332707	73.476546
32.147447	74.26153
31.347585	74.276408
30.547724	74.291285
29.747862	74.306163
28.948	74.321041
28.148139	74.335919
27.348277	74.350796
26.548415	74.365674
25.748554	74.380552
24.948692	74.39543
24.14883	74.410308
23.348969	74.425185
22.549107	74.440063
21.749245	74.454941
20.949384	74.469819
20.149522	74.484696
1.767582	75.626747
20.1644	75.284558
20.964262	75.26968
21.764123	75.254803
22.563985	75.239925
23.363847	75.225047
24.163708	75.210169
24.96357	75.195291
25.763432	75.180414
26.563293	75.165536
27.363155	75.150658
28.163016	75.13578
28.962878	75.120903
29.76274	75.106025
30.562601	75.091147
31.362463	75.076269
32.162325	75.061391
32.962186	75.046514
33.762048	75.031636
34.56191	75.016758
35.361771	75.00188
36.161633	74.987002
36.961495	74.972125
37.761356	74.957247
38.561218	74.942369
39.361079	74.927491
40.160941	74.912614
40.960803	74.897736
41.760664	74.882858
42.560526	74.86798
43.360388	74.853102
44.160249	74.838225
44.960111	74.823347
45.759973	74.808469
46.559834	74.793591
47.359696	74.778714
48.159558	74.763836
48.174435	75.563697
47.374574	75.578575
46.574712	75.593453
45.77485	75.608331
44.974989	75.623209
44.175127	75.638086
43.375265	75.652964
42.575404	75.667842
41.775542	75.68272
40.975681	75.697597
40.175819	75.712475
39.375957	75.727353
38.576096	75.742231
37.776234	75.757109
36.976372	75.771986
36.176511	75.786864
35.376649	75.801742
34.576787	75.81662
33.776926	75.831497
32.977064	75.846375
32.177202	75.861253
31.377341	75.876131
30.577479	75.891009
29.777618	75.905886
28.977756	75.920764
28.177894	75.935642
27.378033	75.95052
26.578171	75.965398
25.778309	75.980275
24.978448	75.995153
24.178586	76.010031
23.378724	76.024909
22.578863	76.039786
21.779001	76.054664
20.979139	76.069542
20.179278	76.08442
17.779693	76.129053
16.979831	76.143931
16.17997	76.158809
15.380108	76.173686
14.580246	76.188564
13.780385	76.203442
12.980523	76.21832
12.180661	76.233198
11.3808	76.248075
10.580938	76.262953
9.781076	76.277831
8.981215	76.292709
8.181353	76.307586
7.381491	76.322464
6.58163	76.337342
5.781768	76.35222
4.981907	76.367098
4.182045	76.381975
3.382183	76.396853
2.582322	76.411731
1.78246	76.426609
1.797338	77.22647
2.597199	77.211593
3.397061	77.196715
4.196923	77.181837
4.996784	77.166959
5.796646	77.152081
6.596508	77.137204
7.396369	77.122326
8.196231	77.107448
8.996093	77.09257
9.795954	77.077693
10.595816	77.062815
11.395677	77.047937
12.195539	77.033059
12.995401	77.018181
13.795262	77.003304
14.595124	76.988426
15.394986	76.973548
16.194847	76.95867
16.994709	76.943793
17.794571	76.928915
20.194156	76.884281
20.994017	76.869404
21.793879	76.854526
22.59374	76.839648
23.393602	76.82477
24.193464	76.809892
24.993325	76.795015
25.793187	76.780137
26.593049	76.765259
27.39291	76.750381
28.192772	76.735504
28.992634	76.720626
29.792495	76.705748
30.592357	76.69087
31.392219	76.675992
32.19208	76.661115
32.991942	76.646237
33.791804	76.631359
34.591665	76.616481
35.391527	76.601604
36.191388	76.586726
36.99125	76.571848
37.791112	76.55697
38.590973	76.542092
39.390835	76.527215
40.190697	76.512337
40.990558	76.497459
41.79042	76.482581
42.590282	76.467704
43.390143	76.452826
44.190005	76.437948
44.989867	76.42307
45.789728	76.408192
46.58959	76.393315
47.389451	76.378437
47.404329	77.178299
46.604468	77.193176
45.804606	77.208054
45.004744	77.222932
44.204883	77.23781
43.405021	77.252687
42.605159	77.267565
41.805298	77.282443
41.005436	77.297321
40.205574	77.312199
39.405713	77.327076
38.605851	77.341954
37.80599	77.356832
37.006128	77.37171
35.406405	77.401465
34.606543	77.416343
33.00682	77.446099
1.240497	81.799875
1.242904	80.999879
1.245311	80.199882
1.247717	79.399886
1.250124	78.599889
1.252531	77.799893
1.254937	76.999897
1.257344	76.1999
1.259751	75.399904
1.262158	74.599908
1.264564	73.799911
1.266971	72.999915
1.269378	72.199918
1.271785	71.399922
1.274191	70.599926
1.276598	69.799929
1.279005	68.999933
1.281412	68.199936
1.283818	67.39994
1.286225	66.599944
1.288632	65.799947
1.291039	64.999951
1.293445	64.199955
1.295852	63.399958
1.298259	62.599962
1.300665	61.799965
1.303072	60.999969
1.305479	60.199973
1.307886	59.399976
1.310292	58.59998
1.312699	57.799984
1.315106	56.999987
1.317513	56.199991
1.319919	55.399994
1.322326	54.599998
1.324733	53.800002
1.32714	53.000005
1.329546	52.200009
1.331953	51.400013
1.33436	50.600016
1.336766	49.80002
1.339173	49.000023
1.34158	48.200027
1.343987	47.400031
1.346393	46.600034
1.3488	45.800038
1.351207	45.000041
1.353614	44.200045
1.35602	43.400049
1.358427	42.600052
1.360834	41.800056
1.363241	41.00006
1.365647	40.200063
1.370461	38.60007
1.372867	37.800074
1.375274	37.000078
1.387308	33.000096
1.389715	32.200099
1.392121	31.400103
1.394528	30.600107
1.396935	29.80011
1.399342	29.000114
1.401748	28.200117
1.404155	27.400121
1.406562	26.600125
1.408968	25.800128
1.411375	25.000132
1.413782	24.200136
1.416189	23.400139
1.418595	22.600143
1.421002	21.800146
1.423409	21.00015
1.425816	20.200154
1.428222	19.400157
1.430629	18.600161
1.433036	17.800165
1.435443	17.000168
1.437849	16.200172
1.440256	15.400175
1.442663	14.600179
1.44507	13.800183
1.447476	13.000186
1.449883	12.20019
1.45229	11.400194
1.454696	10.600197
1.457103	9.800201
1.45951	9.000204
1.461917	8.200208
1.464323	7.400212
1.46673	6.600215
1.469137	5.800219
1.471544	5.000222
47.545256	4.240413
46.745278	4.234466
45.9453	4.228519
45.145322	4.222572
44.345344	4.216625
43.545366	4.210678
42.745388	4.204731
41.94541	4.198784
41.145432	4.192837
40.345455	4.18689
39.545477	4.180944
38.745499	4.174997
37.945521	4.16905
37.145543	4.163103
36.345565	4.157156
35.545587	4.151209
34.745609	4.145262
33.945631	4.139315
33.145653	4.133368
32.345676	4.127421
31.545698	4.121474
30.74572	4.115528
29.945742	4.109581
29.145764	4.103634
28.345786	4.097687
25.945852	4.079846
25.145875	4.073899
24.345897	4.067952
23.545919	4.062005
22.745941	4.056058
21.945963	4.050112
21.145985	4.044165
20.346007	4.038218
19.546029	4.032271
18.746051	4.026324
17.946073	4.020377
17.146096	4.01443
16.346118	4.008483
15.54614	4.002536
14.746162	3.996589
13.946184	3.990642
13.146206	3.984696
9.946294	3.960908
9.146317	3.954961
8.346339	3.949014
7.546361	3.943067
6.746383	3.93712
5.946405	3.931173
5.146427	3.925226
4.346449	3.919279
3.546471	3.913333
2.746493	3.907386
1.946516	3.901439
1.146538	3.895492
0.34656	3.889545
-0.453418	3.883598
-1.253396	3.877651
-2.053374	3.871704
-2.853352	3.865757
-3.65333	3.85981
-4.453308	3.853863
-5.253286	3.847917
-6.053263	3.84197
-6.853241	3.836023
