21.000000 1.500000
37.479436 1.397068
36.680985 1.446825
35.882534 1.496583
35.084083 1.546341
34.285631 1.596098
33.487180 1.645856
32.688729 1.695613
31.890278 1.745371
31.091827 1.795128
30.293376 1.844886
29.494925 1.894644
28.696474 1.944401
27.898023 1.994159
27.099571 2.043916
26.301120 2.093674
25.502669 2.143431
24.704218 2.193189
23.905767 2.242947
38.327645 2.145761
37.529193 2.195519
36.730742 2.245276
35.932291 2.295034
35.133840 2.344792
34.335389 2.394549
33.536938 2.444307
32.738487 2.494064
31.940036 2.543822
31.141585 2.593580
30.343133 2.643337
29.544682 2.693095
28.746231 2.742852
27.947780 2.792610
27.149329 2.842367
26.350878 2.892125
25.552427 2.941883
24.753976 2.991640
23.955525 3.041398
23.157073 3.091155
22.358622 3.140913
38.377402 2.944212
37.578951 2.993970
36.780500 3.043728
35.982049 3.093485
35.183598 3.143243
34.385147 3.193000
33.586695 3.242758
32.788244 3.292515
31.989793 3.342273
31.191342 3.392031
30.392891 3.441788
29.594440 3.491546
28.795989 3.541303
27.997538 3.591061
27.199087 3.640818
26.400635 3.690576
25.602184 3.740334
24.803733 3.790091
24.005282 3.839849
23.206831 3.889606
22.408380 3.939364
21.609929 3.989122
20.811478 4.038879
20.013027 4.088637
19.214575 4.138394
18.416124 4.188152
37.628709 3.792421
36.830258 3.842179
36.031806 3.891936
35.233355 3.941694
34.434904 3.991451
33.636453 4.041209
32.838002 4.090967
32.039551 4.140724
31.241100 4.190482
30.442649 4.240239
29.644197 4.289997
28.845746 4.339754
28.047295 4.389512
27.248844 4.439270
26.450393 4.489027
25.651942 4.538785
24.853491 4.588542
24.055040 4.638300
23.256589 4.688057
22.458137 4.737815
21.659686 4.787573
20.861235 4.837330
20.062784 4.887088
19.264333 4.936845
18.465882 4.986603
37.678466 4.590872
36.880015 4.640630
36.081564 4.690387
35.283113 4.740145
34.484662 4.789903
33.686211 4.839660
32.887760 4.889418
32.089308 4.939175
31.290857 4.988933
30.492406 5.038690
29.693955 5.088448
28.895504 5.138206
28.097053 5.187963
27.298602 5.237721
26.500151 5.287478
25.701699 5.337236
24.903248 5.386993
24.104797 5.436751
23.306346 5.486509
22.507895 5.536266
21.709444 5.586024
20.910993 5.635781
20.112542 5.685539
19.314091 5.735296
18.515639 5.785054
37.728224 5.389323
36.929773 5.439081
36.131322 5.488839
35.332870 5.538596
34.534419 5.588354
33.735968 5.638111
32.937517 5.687869
32.139066 5.737626
31.340615 5.787384
30.542164 5.837142
29.743713 5.886899
28.945262 5.936657
28.146810 5.986414
27.348359 6.036172
26.549908 6.085929
25.751457 6.135687
24.953006 6.185445
24.154555 6.235202
23.356104 6.284960
22.557653 6.334717
21.759201 6.384475
20.960750 6.434232
20.162299 6.483990
19.363848 6.533748
18.565397 6.583505
37.777981 6.187774
36.979530 6.237532
36.181079 6.287290
35.382628 6.337047
34.584177 6.386805
33.785726 6.436562
32.987275 6.486320
32.188824 6.536078
31.390372 6.585835
30.591921 6.635593
29.793470 6.685350
28.995019 6.735108
28.196568 6.784865
27.398117 6.834623
26.599666 6.884381
25.801215 6.934138
25.002764 6.983896
24.204312 7.033653
23.405861 7.083411
22.607410 7.133168
21.808959 7.182926
21.010508 7.232684
20.212057 7.282441
19.413606 7.332199
18.615155 7.381956
37.827739 6.986226
37.029288 7.035983
36.230837 7.085741
35.432386 7.135498
34.633934 7.185256
33.835483 7.235013
33.037032 7.284771
23.031725 1.800385
22.231755 1.807233
21.431784 1.814082
20.631813 1.820931
19.831843 1.827779
19.031872 1.834628
18.231901 1.841477
17.431931 1.848326
16.631960 1.855174
15.831989 1.862023
15.032019 1.868872
14.232048 1.875721
13.432077 1.882569
12.632106 1.889418
11.832136 1.896267
11.032165 1.903115
10.232194 1.909964
9.432224 1.916813
8.632253 1.923662
7.832282 1.930510
7.032312 1.937359
6.232341 1.944208
5.432370 1.951057
4.632400 1.957905
3.832429 1.964754
3.032458 1.971603
2.232488 1.978451
1.432517 1.985300
0.632546 1.992149
23.038574 2.600355
22.238603 2.607204
21.438633 2.614053
20.638662 2.620901
19.838691 2.627750
19.038721 2.634599
18.238750 2.641448
17.438779 2.648296
16.638809 2.655145
15.838838 2.661994
15.038867 2.668842
14.238897 2.675691
13.438926 2.682540
12.638955 2.689389
11.838985 2.696237
11.039014 2.703086
10.239043 2.709935
9.439072 2.716784
8.639102 2.723632
7.839131 2.730481
7.039160 2.737330
6.239190 2.744178
5.439219 2.751027
4.639248 2.757876
3.839278 2.764725
3.039307 2.771573
2.239336 2.778422
1.439366 2.785271
0.639395 2.792120
20.645511 3.420872
19.845540 3.427721
19.045569 3.434570
18.245599 3.441418
17.445628 3.448267
16.645657 3.455116
15.845687 3.461964
15.045716 3.468813
14.245745 3.475662
13.445775 3.482511
12.645804 3.489359
11.845833 3.496208
11.045863 3.503057
10.245892 3.509906
9.445921 3.516754
8.645951 3.523603
7.845980 3.530452
7.046009 3.537300
6.246038 3.544149
5.446068 3.550998
4.646097 3.557847
3.846126 3.564695
3.046156 3.571544
2.246185 3.578393
1.446214 3.585242
0.646244 3.592090
17.452477 4.248238
16.652506 4.255086
14.252594 4.275633
11.052711 4.303027
8.652799 4.323574
6.252887 4.344120
5.452917 4.350969
4.652946 4.357817
3.852975 4.364666
3.053004 4.371515
2.253034 4.378364
0.429959 5.231954
1.235783 4.437821
1.229938 5.237799
1.224093 6.037778
1.218248 6.837756
1.212404 7.637735
1.206559 8.437714
1.200714 9.237692
1.194870 10.037671
1.189025 10.837650
1.183180 11.637628
1.177336 12.437607
1.171491 13.237586
1.165646 14.037564
1.159802 14.837543
1.153957 15.637522
1.148112 16.437500
1.142267 17.237479
1.136423 18.037458
1.130578 18.837436
1.124733 19.637415
1.118889 20.437394
1.113044 21.237372
1.107199 22.037351
1.101355 22.837329
1.095510 23.637308
21.000000 1.500000
