18.000000 1.200000
18.700000 1.200000
19.400000 1.200000
20.100000 1.200000
20.800000 1.200000
21.500000 1.200000
22.200000 1.200000
22.900000 1.200000
23.600000 1.200000
24.300000 1.200000
25.000000 1.200000
25.700000 1.200000
26.400000 1.200000
27.100000 1.200000
27.800000 1.200000
28.500000 1.200000
29.200000 1.200000
29.900000 1.200000
30.600000 1.200000
31.300000 1.200000
32.000000 1.200000
32.000000 1.900000
31.300000 1.900000
30.600000 1.900000
29.900000 1.900000
29.200000 1.900000
28.500000 1.900000
27.800000 1.900000
27.100000 1.900000
26.400000 1.900000
25.700000 1.900000
25.000000 1.900000
24.300000 1.900000
23.600000 1.900000
22.900000 1.900000
22.200000 1.900000
21.500000 1.900000
20.800000 1.900000
20.100000 1.900000
19.400000 1.900000
18.700000 1.900000
18.000000 1.900000
18.000000 2.600000
18.700000 2.600000
19.400000 2.600000
20.100000 2.600000
20.800000 2.600000
21.500000 2.600000
22.200000 2.600000
22.900000 2.600000
23.600000 2.600000
24.300000 2.600000
25.000000 2.600000
25.700000 2.600000
26.400000 2.600000
27.100000 2.600000
27.800000 2.600000
28.500000 2.600000
29.200000 2.600000
29.900000 2.600000
30.600000 2.600000
31.300000 2.600000
32.000000 2.600000
32.000000 3.300000
31.300000 3.300000
30.600000 3.300000
29.900000 3.300000
29.200000 3.300000
28.500000 3.300000
27.800000 3.300000
27.100000 3.300000
26.400000 3.300000
25.700000 3.300000
25.000000 3.300000
24.300000 3.300000
23.600000 3.300000
22.900000 3.300000
22.200000 3.300000
21.500000 3.300000
20.800000 3.300000
20.100000 3.300000
19.400000 3.300000
18.700000 3.300000
18.000000 3.300000
18.000000 4.000000
18.700000 4.000000
19.400000 4.000000
20.100000 4.000000
20.800000 4.000000
21.500000 4.000000
22.200000 4.000000
22.900000 4.000000
23.600000 4.000000
24.300000 4.000000
25.000000 4.000000
25.700000 4.000000
26.400000 4.000000
27.100000 4.000000
27.800000 4.000000
28.500000 4.000000
29.200000 4.000000
29.900000 4.000000
30.600000 4.000000
31.300000 4.000000
32.000000 4.000000
32.000000 4.700000
31.300000 4.700000
30.600000 4.700000
29.900000 4.700000
29.200000 4.700000
28.500000 4.700000
27.800000 4.700000
27.100000 4.700000
26.400000 4.700000
25.700000 4.700000
25.700000 5.400000
26.400000 5.400000
27.100000 5.400000
27.800000 5.400000
28.500000 5.400000
29.200000 5.400000
29.900000 5.400000
30.600000 5.400000
31.300000 5.400000
32.000000 5.400000
32.000000 6.100000
31.300000 6.100000
30.600000 6.100000
29.900000 6.100000
29.200000 6.100000
28.500000 6.100000
27.800000 6.100000
27.100000 6.100000
26.400000 6.100000
25.700000 6.100000
25.000000 6.100000
24.300000 6.100000
23.600000 6.100000
22.900000 6.100000
22.200000 6.100000
21.500000 6.100000
20.800000 6.100000
20.100000 6.100000
19.400000 6.100000
18.700000 6.100000
18.000000 6.100000
18.000000 6.800000
18.700000 6.800000
19.400000 6.800000
20.100000 6.800000
20.800000 6.800000
21.500000 6.800000
22.200000 6.800000
22.900000 6.800000
23.600000 6.800000
24.300000 6.800000
25.000000 6.800000
25.700000 6.800000
26.400000 6.800000
27.100000 6.800000
27.800000 6.800000
28.500000 6.800000
29.200000 6.800000
29.900000 6.800000
30.600000 6.800000
31.300000 6.800000
32.000000 6.800000
18.000000 5.400000
18.700000 5.400000
19.400000 5.400000
20.100000 5.400000
20.100000 4.700000
19.400000 4.700000
18.700000 4.700000
18.000000 4.700000
20.800000 4.700000
20.800000 5.400000
21.500000 5.400000
22.200000 5.400000
22.200000 4.700000
22.900000 4.700000
23.600000 4.700000
23.600000 5.400000
24.300000 5.400000
24.300000 4.700000
25.000000 4.700000
25.000000 5.400000
22.900000 5.400000
21.500000 4.700000
32.700000 4.700000
33.400000 4.700000
34.100000 4.700000
34.100000 5.400000
33.400000 5.400000
32.700000 5.400000
32.700000 6.100000
33.400000 6.100000
34.100000 6.100000
34.100000 6.800000
33.400000 6.800000
32.700000 6.800000
34.800000 6.800000
34.800000 6.100000
34.800000 5.400000
34.800000 4.700000
34.800000 4.000000
34.800000 3.300000
34.800000 2.600000
34.800000 1.900000
34.800000 1.200000
34.100000 1.200000
33.400000 1.200000
32.700000 1.200000
32.700000 1.900000
33.400000 1.900000
34.100000 1.900000
34.100000 2.600000
33.400000 2.600000
32.700000 2.600000
32.700000 3.300000
33.400000 3.300000
34.100000 3.300000
34.100000 4.000000
33.400000 4.000000
32.700000 4.000000
35.500000 4.000000
36.200000 4.000000
36.900000 4.000000
36.900000 3.300000
36.200000 3.300000
35.500000 3.300000
35.500000 2.600000
36.200000 2.600000
36.900000 2.600000
36.900000 1.900000
36.200000 1.900000
35.500000 1.900000
35.500000 1.200000
36.200000 1.200000
36.900000 1.200000
37.600000 1.200000
37.600000 1.900000
37.600000 2.600000
37.600000 3.300000
37.600000 4.000000
37.600000 4.700000
37.600000 5.400000
37.600000 6.100000
37.600000 6.800000
35.500000 6.800000
36.200000 6.800000
36.900000 6.800000
36.900000 6.100000
36.200000 6.100000
35.500000 6.100000
35.500000 5.400000
36.200000 5.400000
36.900000 5.400000
36.900000 4.700000
36.200000 4.700000
35.500000 4.700000
38.300000 4.700000
38.300000 5.400000
38.300000 6.100000
38.300000 6.800000
38.300000 4.000000
38.300000 3.300000
39.000000 3.300000
39.700000 3.300000
39.700000 2.600000
39.000000 2.600000
38.300000 2.600000
38.300000 1.900000
39.000000 1.900000
39.700000 1.900000
39.700000 1.200000
39.000000 1.200000
38.300000 1.200000
40.400000 1.200000
40.400000 1.900000
40.400000 2.600000
40.400000 3.300000
41.100000 3.300000
41.800000 3.300000
42.500000 3.300000
42.500000 2.600000
41.800000 2.600000
41.100000 2.600000
41.100000 1.900000
41.800000 1.900000
42.500000 1.900000
42.500000 1.200000
41.800000 1.200000
41.100000 1.200000
43.200000 1.200000
43.200000 1.900000
43.200000 2.600000
43.200000 3.300000
43.900000 3.300000
44.600000 3.300000
45.300000 3.300000
45.300000 2.600000
44.600000 2.600000
43.900000 2.600000
43.900000 1.900000
44.600000 1.900000
45.300000 1.900000
45.300000 1.200000
44.600000 1.200000
43.900000 1.200000
46.000000 1.200000
46.000000 1.900000
46.000000 2.600000
46.000000 3.300000
46.700000 3.300000
47.400000 3.300000
48.100000 3.300000
48.100000 2.600000
47.400000 2.600000
46.700000 2.600000
46.700000 1.900000
47.400000 1.900000
48.100000 1.900000
48.100000 1.200000
47.400000 1.200000
46.700000 1.200000
49.3 2.400000
49.3 3.400000
49.3 4.3
49.3 5.400000
49.3 6.400000
49.3 7.400000
49.3 8.400000
49.3 9.400000
49.3 10.400000
49.3 11.3
49.3 12.400000
49.3 13.400000
49.3 14.400000
49.3 15.400000
49.3 16.400000
49.3 17.400000
49.3 18.400000
49.3 19.400000
49.3 20.400000
49.3 21.3
49.3 22.400000
49.3 23.400000
49.3 24.400000
49.3 25.400000
49.3 26.400000
49.3 27.400000
49.3 28.400000
49.3 29.400000
49.3 30.400000
49.3 31.3
49.3 32.400000
49.3 33.400000
49.3 34.400000
49.3 35.400000
49.3 36.400000
49.3 37.400000
49.3 38.400000
49.3 39.400000
49.3 40.400000
49.3 41.3
49.3 42.400000
49.3 43.400000
49.3 44.400000
49.3 45.400000
49.3 46.400000
49.3 47.400000
49.3 48.400000
49.3 49.400000
49.3 50.400000
49.3 51.3
49.3 52.400000
49.3 53.400000
49.3 54.400000
49.3 55.400000
49.3 56.400000
49.3 57.400000
49.3 58.400000
49.3 59.400000
49.3 60.400000
49.3 61.3
49.3 62.400000
49.3 63.400000
49.3 64.400000
49.3 65.400000
49.3 66.400000
49.3 67.400000
49.3 68.400000
49.3 69.400000
49.3 70.400000
49.3 71.3
49.3 72.400000
49.3 73.400000
50.000000 73.400000
50.000000 72.400000
50.000000 71.3
50.000000 70.400000
50.000000 69.400000
50.000000 68.400000
50.000000 67.400000
50.000000 66.400000
50.000000 65.400000
50.000000 64.400000
50.000000 63.400000
50.000000 62.400000
50.000000 61.3
50.000000 60.400000
50.000000 59.400000
50.000000 58.400000
50.000000 57.400000
50.000000 56.400000
50.000000 55.400000
50.000000 54.400000
50.000000 53.400000
50.000000 52.400000
50.000000 51.3
50.000000 50.400000
50.000000 49.400000
50.000000 48.400000
50.000000 47.400000
50.000000 46.400000
50.000000 45.400000
50.000000 44.400000
50.000000 43.400000
50.000000 42.400000
50.000000 41.3
50.000000 40.400000
50.000000 39.400000
50.000000 38.400000
50.000000 37.400000
50.000000 36.400000
50.000000 35.400000
50.000000 34.400000
50.000000 33.400000
50.000000 32.400000
50.000000 31.3
50.000000 30.400000
50.000000 29.400000
50.000000 28.400000
50.000000 27.400000
50.000000 26.400000
50.000000 25.400000
50.000000 24.400000
50.000000 23.400000
50.000000 22.400000
50.000000 21.3
50.000000 20.400000
50.000000 19.400000
50.000000 18.400000
50.000000 17.400000
50.000000 16.400000
50.000000 15.400000
50.000000 14.400000
50.000000 13.400000
50.000000 12.400000
50.000000 11.3
50.000000 10.400000
50.000000 9.400000
50.000000 8.400000
50.000000 7.400000
50.000000 6.400000
50.000000 5.400000
50.000000 4.3
50.000000 3.400000
50.000000 2.400000
50.000000 1.3
49.3 1.3
49.3 -0.3
50.000000 -0.3
